# Manipulator Parameters from Jiang
l1: 1.7
l2: 2.1
lc1: 0.85
lc2: 1.05
Jc1: 0.289
Jc2: 0.5145
g: 9.81
m1: 1.2
m2: 1.4

# Friction Parameters
# Sigmoid Model
Psi_1: [ 0.54615, 0.87224 ]
Psi_2: [ 5.1181, 9.0657 ]
Psi_3: [ 0.039533, 0.025882 ]

# Stribeck Model
Fc: [ 0.2247, 0.1293 ]
Fv: [ 0.0497, 0.1708 ]
Fs: [ 6.5038e-22, -8.6085e-28 ]
Vs: [ 2.1749, 2.1749 ]
Ks: [ 2.1748, 2.1748 ]

# Lugre Model
sigma_0: [ 0.239, 0.136 ]
sigma_1: [ 0.0435, 0.1356 ]
sigma_2: [ 0.0316, 0.1795 ]
sigma_3: [ 0.4999, 0.4999 ]
v_0: [ 6.1102e-5, 6.4208e-5 ]
v_1: [ 3.9028e-5, 3.6342e-5 ]
v_2: [ 4.5659e-4, 1.6242e-3 ]

